15.04,1.36,1.53,1.17,3.63,5.65,4.12,1.13,3.39,1.21,
1.66,1.26,7.29,3.06,22.41,1.34,2.60,1.29,1.49,1.09,
11.65,2.91,2.41,2.34,1.01,24.28,1.87,1.05,1.47,1.47,
2.13,1.49,1.00,1.64,1.49,5.39,3.68,3.84,11.46,1.26,
1.00,7.65,1.78,2.35,30.54,1.12,29.63,27.48,2.71,
1.25,3.75,1.47,1.80,2.01,4.46,11.28,2.68,7.57,2.16,
1.20,1.73,1.15,8.08,18.61,2.24,9.30,2.34,2.36,1.73,
2.35,10.52,1.11,1.62,1.37,1.19,10.67,2.16,1.59,
10.49,1.24,2.51,1.11,2.48,2.88,1.10,3.27,2.09,1.77,
17.83,1.19,6.64,1.67,4.94,1.26,2.01,3.43,1.88,1.63,
1.74,3.15,1.82,1.62,1.60,1.73,2.10,1.14,1.07,1.10,
7.15,1.39,1.27,1.09,2.43,5.91,1.00,1.40,1.13,3.34,
1.64,1.27,3.50,9.90,7.99,1.34,1.55,1.22,3.07,1.41,
2.16,1.29,2.32,1.38,2.35,18.21,5.85,2.24,1.09,
21.62,7.25,1.99,3.34,2.18,1.35,16.39,1.35,2.24,
1.13,1.00,2.47,11.77,1.80,1.16,1.10,1.08,13.96,
1.64,1.48,7.70,13.77,1.17,1.48,2.81,1.00,2.65,2.03,
1.20,2.40,2.07,4.37,1.52,1.67,1.22,1.15,1.62,1.13,
1.89,1.31,5.05,2.49,1.43,5.96,28.00,2.48,2.11,2.73,
1.07,1.20,41.69,6.24,1.19,9.10,27.79,1.89,1.27,
1.18,2.15,10.68,2.00,1.36,3.03,1.05,1.25,1.00,
2.37,18.30,1.59,1.27,1.01,5.06,13.28,8.14,1.60,
1.51,2.02,1.38,2.86,1.44,1.20,2.51,37.90,1.00,
1.35,1.49,18.27,1.19,4.27,33.87,4.41,1.13,1.04,
1.37,1.81,1.56,1.55,3.52,1.14,2.12,3.30,2.55,1.35,
9.73,1.71,3.96,30.17,49.40,1.28,4.26,3.30,1.06,1.15,
1.01,1.05,28.73,1.07,1.47,1.07,1.47,1.07,1.29,
167.38,1.43,58.86,1.35,37.66,3.66,1.26,1.02,3.68,
1.41,14.36,1.18,1.62,1.20,3.23,1.82,5.97,1.13,1.15,
1.11,1.25,6.35,2.57,1.21,1.68,128.71,5.42,1.30,4.00,
1.00,4.14,19.08,8.90,13.06,1.35,2.73,2.89,1.28,
19.10,5.00,1.96,4.54,1.14,1.50,6.31,1.12,4.90,1.00,
21.32,1.67,1.33,18.22,1.45,1.00,2.98,12.63,2.64,
2.53,1.82,11.95,8.27,1.39,2.98,47.95,1.06,2.05,7.84,
9.53,1.34,3.72,1.02,18.57,5.05,1.07,1.10,9.24,1.01,
1.15,1.18,1.91,3.03,1.55,1.01,3.42,1.86,9.23,8.55,
1.59,3.57,2.42,14.93,5.51,1.95,1.86,14.65,2.77,7.88,
4.64,1.37,12.03,1.29,1.29,1.39,2.17,3.26,2.93,6.43,
1.43,16.60,1.14,4.07,2.39,1.00,2.64,1.21,2.49,1.14,
14.49,1.00,1.94,1.00,1.90,2.25,1.47,4.12,11.29,1.25,
1.00,1.77,2.02,2.72,1.28,5.86,5.51,1.45,1.49,927.14,
2.29,16.62,1.34,1.34,10.87,1.38,2.71,1.46,1.19,1.00,
2.28,1.17,8.74,5.51,1.30,1.41,14.01,8.98,2.18,8.53,
2.28,1.40,60.90,10.71,11.08,3.26,3.28,7.47,1.24,
1.87,4.90,95.52,1.01,1.96,1.37,8.88,3.25,1.06,3.30,
1.41,1.07,4.11,2.74,4.47,10.44,1.32,7.84,1.11,1.79,
3.65,6.49,2.79,7.11,1.32,4.25,2.98,1.37,2.38,1.55,
1.11,1.23,2.46,6.15,6.09,1.13,1.54,2.46,2.75,1.14,
1.16,1.25,10.66,30.94,1.68,3.21,1.43,1.72,1.09,6.29,
6.38,1.01,1.00,3.53,5.78,5.44,2.15,1.73,1.00,14.18,
9.84,3.25,4.18,1.64,4.53,4.42,2.23,62.10,3.28,3.66,
1.07,1.55,2.90,3.10,1.30,4.63,6.22,2.59,1.00,2.00,
3.52,5.81,1.27,2.12,1.93,17.37,3.33,1.58,1.33,1.48,
2.24,1.75,1.69,11.20,1.63,114.05,2.52,2.02,1.66,
1.63,1.33,26.37,2.93,5.48,7.04,3.19,3.73,1.44,2.00,
1.67,1.07,1.09,3.67,3.35,2.60,2.18,2.15,2.29,1.08,
7.73,3.99,2.58,1.83,1.00,2.49,1.24,2.92,1.04,2.04,
1.14,7.01,2.06,4.81,1.05,1.23,2.23,2.02,2.61,2.39,
1.56,1.93,12.89,1.74,3.81,1.98,1.32,1.05,1.02,1.16,
1.00,3.33,1.70,4.64,6.75,1.08,1.38,4.76,3.99,8.68,
1.18,1.37,9.55,2.34,2.58,1.23,5.01,1.65,2.82,1.98,
1.63,1.03,1.09,4.83,2.23,2.73,1.71,3.63,2.13,1.36,
5.79,1.29,2.14,1.28,1.20,2.44,1.07,1.24,1.77,1.08,
4.05,1.11,1.07,1.15,11.17,2.61,1.57,1.02,8.07,14.73,
1.00,1.39,6.06,1.95,1.46,15.47,1.81,1.49,23.77,2.28,
2.01,1.00,1.40,2.37,1.40,1.47,4.48,1.24,21.21,1.27,
1.91,56.70,1.59,1.75,1.07,1.04,1.22,1.06,1.33,2.52,
1.57,1.63,2.21,1.13,3.56,2.06,1.47,1.00,1.08,5.48,
8.11,4.51,9.76,1.11,1.63,1.00,81.00,1.36,1.96,1.17,
5.70,2.32,1.20,1.27,30.62,1.08,1.57,2.68,6.54,2.18,
4.47,9.10,17.59,19.55,1.27,2.07,1.93,1.88,1.40,
53.54,22.67,2.42,7.40,2.87,2.51,7.03,1.12,6.38,1.70,
4.71,6.36,1.25,2.04,1.04,1.60,1.00,1.03,1.39,4.02,
1.01,2.72,2.32,3.76,1.30,4.93,1.41,2.98,3.45,1.29,
4.40,1.04,16.42,1.19,104.86,1.00,1.53,6.06,1.87,
24.01,1.25,1.17,21.03,1.70,5.59,1.13,2.20,1.49,3.68,
4.65,1.86,1.13,1.81,1.20,7.27,9.83,1.13,2.11,1.60,
1.68,1.24,1.04,1.05,1.50,3.93,1.93,2.60,2.64,2.08,
1.19,2.17,2.77,4.97,7.05,1.05,2.12,5.12,4.91,1.67,
7.64,1.84,1.05,32.00,2.19,19.96,1.76,1.99,1.18,2.96,
1.94,1.84,12.23,1.88,4.70,1.71,11.82,1.19,1.31,1.06,
11.35,2.38,3.29,3.57,6.43,125.74,1.72,1.40,2.63,
1.50,1.55,1.66,2.72,1.01,2.28,1.21,3.53,1.15,12.43,
1.61,1.00,11.01,1.98,2.38,2.32,2.46,6.86,1.16,1.00,
5.91,5.05,8.12,1.13,1.92,1.47,1.34,4.95,1.39,1.00,
3.39,2.91,2.39,3.87,18.66,2.09,82.58,1.76,4.36,2.99,
1.38,3.23,2.53,2.34,1.75,2.66,1.00,1.21,1.11,1.44,
5.53,3.57,1.06,1.32,1.05,1.11,1.00,1.77,9.56,1.07,
3.23,1.00,1.13,1.01,1.13,6.64,2.49,2.32,1.28,1.91,
13.27,2.16,1.29,4.83,1.07,2.36,5.57,2.33,1.63,1.75,
1.62,2.05,27.49,10.64,2.00,1.16,8.23,1.28,9.39,1.00,
3.83,21.88,25.24,1.83,1.09,2.24,1.25,4.83,15.14,
1.00,1.07,1.60,1.00,1.40,1.54,3.03,1.49,1.97,1.12,
2.57,4.49,7.83,1.00,1.21,1.26,1.00,1.37,1.50,2.00,
1.61,1.38,12.55,1.67,1.75,1.13,1.11,35.22,1.17,1.65
,
1.06,1.58,1.97,2.09,2.15,1.26,2.20,2.65,3.24,2.14,
1.14,1.50,1.85,5.67,51.73,1.31,2.24,2.44,1.34,1.52,
1.40,1.60,2.58,3.80,26.58,1.23,2.12,1.00,1.28,1.36,
1.16,3.71,2.04,2.65,1.54,1.08,22.55,1.34,1.45,1.78,
1.24,2.01,1.88,2.49,1.06,2.69,1.05,2.38,35.11,1.42,
2.55,1.10,1.85,1.00,1.04,25.81,1.00,1.39,1.21,3.20,
5.21,1.50,1.54,1.36,12.02,2.01,14.61,1.37,1.03,
3.51,5.22
